array(0,1,426),
array(1,2,455),
array(2,3,73),
array(3,4,63),
array(4,5,374),
array(5,6,88),
array(6,7,226),
array(7,8,246),
array(8,9,259),
array(9,10,302),
array(10,11,214),
array(11,12,440),
array(12,13,315),
array(13,14,144),
array(14,15,146),
array(15,16,67),
array(16,17,26),
array(17,18,410),
array(18,19,382),
array(19,20,298),
array(20,21,126),
array(21,22,149),
array(22,23,30),
array(23,24,55),
array(24,25,101),
array(25,26,156),
array(26,27,452),
array(27,28,11),
array(28,29,184),
array(29,30,478),
array(30,31,255),
array(31,32,87),
array(32,33,359),
array(33,34,413),
array(34,35,299),
array(35,36,455),
array(36,37,362),
array(37,38,7),
array(38,39,194),
array(39,40,37),
array(40,41,177),
array(41,42,57),
array(42,43,299),
array(43,44,4),
array(44,45,37),
array(45,46,110),
array(46,47,223),
array(47,48,279),
array(48,49,427),
array(49,50,463),
array(50,51,326),
array(51,52,34),
array(52,53,83),
array(53,54,162),
array(54,55,217),
array(55,56,190),
array(56,57,487),
array(57,58,5),
array(58,59,256),
array(59,60,419),
array(60,61,374),
array(61,62,38),
array(62,63,51),
array(63,64,143),
array(64,65,230),
array(65,66,59),
array(66,67,463),
array(67,68,34),
array(68,69,287),
array(69,70,114),
array(70,71,100),
array(71,72,15),
array(72,73,32),
array(73,74,500),
array(74,75,322),
array(75,76,255),
array(76,77,196),
array(77,78,264),
array(78,79,239),
array(79,80,179),
array(80,81,267),
array(81,82,202),
array(82,83,209),
array(83,84,457),
array(84,85,477),
array(85,86,363),
array(86,87,342),
array(87,88,11),
array(88,89,311),
array(89,90,42),
array(90,91,498),
array(91,92,14),
array(92,93,3),
array(93,94,286),
array(94,95,285),
array(95,96,387),
array(96,97,38),
array(97,98,393),
array(98,99,64),
array(99,100,301),
array(100,101,150),
array(101,102,408),
array(102,103,443),
array(103,104,180),
array(104,105,324),
array(105,106,130),
array(106,107,283),
array(107,108,194),
array(108,109,294),
array(109,110,105),
array(110,111,191),
array(111,112,266),
array(112,113,44),
array(113,114,130),
array(114,115,29),
array(115,116,68),
array(116,117,308),
array(117,118,251),
array(118,119,404),
array(119,120,21),
array(120,121,72),
array(121,122,266),
array(122,123,177),
array(123,124,297),
array(124,125,69),
array(125,126,221),
array(126,127,457),
array(127,128,318),
array(128,129,284),
array(129,130,414),
array(130,131,103),
array(131,132,256),
array(132,133,451),
array(133,134,390),
array(134,135,224),
array(135,136,33),
array(136,137,54),
array(137,138,448),
array(138,139,181),
array(139,140,321),
array(140,141,328),
array(141,142,134),
array(142,143,81),
array(143,144,41),
array(144,145,258),
array(145,146,244),
array(146,147,286),
array(147,148,366),
array(148,149,77),
array(149,150,327),
array(150,151,403),
array(151,152,217),
array(152,153,271),
array(153,154,177),
array(154,155,294),
array(155,156,267),
array(156,157,72),
array(157,158,344),
array(158,159,65),
array(159,160,437),
array(160,161,467),
array(161,162,122),
array(162,163,79),
array(163,164,398),
array(164,165,188),
array(165,166,60),
array(166,167,442),
array(167,168,74),
array(168,169,221),
array(169,170,453),
array(170,171,16),
array(171,172,135),
array(172,173,301),
array(173,174,350),
array(174,175,409),
array(175,176,4),
array(176,177,410),
array(177,178,47),
array(178,179,481),
array(179,180,352),
array(180,181,284),
array(181,182,90),
array(182,183,341),
array(183,184,102),
array(184,185,407),
array(185,186,276),
array(186,187,348),
array(187,188,425),
array(188,189,13),
array(189,190,154),
array(190,191,112),
array(191,192,243),
array(192,193,87),
array(193,194,18),
array(194,195,492),
array(195,196,228),
array(196,197,364),
array(197,198,417),
array(198,199,98),
array(199,200,302),
array(200,201,326),
array(201,202,146),
array(202,203,289),
array(203,204,136),
array(204,205,210),
array(205,206,254),
array(206,207,174),
array(207,208,154),
array(208,209,499),
array(209,210,36),
array(210,211,113),
array(211,212,25),
array(212,213,428),
array(213,214,40),
array(214,215,215),
array(215,216,173),
array(216,217,480),
array(217,218,63),
array(218,219,339),
array(219,220,270),
array(220,221,392),
array(221,222,151),
array(222,223,96),
array(223,224,236),
array(224,225,145),
array(225,226,102),
array(226,227,343),
array(227,228,245),
array(228,229,476),
array(229,230,461),
array(230,231,191),
array(231,232,217),
array(232,233,369),
array(233,234,27),
array(234,235,499),
array(235,236,325),
array(236,237,57),
array(237,238,345),
array(238,239,377),
array(239,240,491),
array(240,241,26),
array(241,242,214),
array(242,243,183),
array(243,244,386),
array(244,245,9),
array(245,246,179),
array(246,247,27),
array(247,248,433),
array(248,249,492),
array(249,250,37),
array(250,251,269),
array(251,252,303),
array(252,253,207),
array(253,254,336),
array(254,255,17),
array(255,256,417),
array(256,257,141),
array(257,258,373),
array(258,259,132),
array(259,260,449),
array(260,261,27),
array(261,262,193),
array(262,263,222),
array(263,264,320),
array(264,265,349),
array(265,266,95),
array(266,267,147),
array(267,268,202),
array(268,269,342),
array(269,270,124),
array(270,271,17),
array(271,272,16),
array(272,273,490),
array(273,274,78),
array(274,275,190),
array(275,276,435),
array(276,277,28),
array(277,278,4),
array(278,279,277),
array(279,280,380),
array(280,281,440),
array(281,282,199),
array(282,283,135),
array(283,284,23),
array(284,285,461),
array(285,286,209),
array(286,287,376),
array(287,288,286),
array(288,289,74),
array(289,290,331),
array(290,291,358),
array(291,292,342),
array(292,293,14),
array(293,294,112),
array(294,295,190),
array(295,296,111),
array(296,297,266),
array(297,298,350),
array(298,299,233),
array(299,300,266),
array(300,301,64),
array(301,302,90),
array(302,303,95),
array(303,304,228),
array(304,305,392),
array(305,306,131),
array(306,307,135),
array(307,308,170),
array(308,309,485),
array(309,310,17),
array(310,311,464),
array(311,312,14),
array(312,313,327),
array(313,314,48),
array(314,315,440),
array(315,316,430),
array(316,317,152),
array(317,318,269),
array(318,319,172),
array(319,320,342),
array(320,321,445),
array(321,322,477),
array(322,323,21),
array(323,324,421),
array(324,325,440),
array(325,326,219),
array(326,327,96),
array(327,328,89),
array(328,329,121),
array(329,330,293),
array(330,331,256),
array(331,332,17),
array(332,333,224),
array(333,334,244),
array(334,335,110),
array(335,336,128),
array(336,337,232),
array(337,338,370),
array(338,339,17),
array(339,340,94),
array(340,341,379),
array(341,342,218),
array(342,343,88),
array(343,344,336),
array(344,345,150),
array(345,346,85),
array(346,347,181),
array(347,348,26),
array(348,349,280),
array(349,350,16),
array(350,351,406),
array(351,352,86),
array(352,353,253),
array(353,354,311),
array(354,355,123),
array(355,356,188),
array(356,357,303),
array(357,358,14),
array(358,359,439),
array(359,360,254),
array(360,361,414),
array(361,362,423),
array(362,363,216),
array(363,364,456),
array(364,365,321),
array(365,366,85),
array(366,367,62),
array(367,368,216),
array(368,369,8),
array(369,370,298),
array(370,371,337),
array(371,372,205),
array(372,373,211),
array(373,374,106),
array(374,375,150),
array(375,376,345),
array(376,377,412),
array(377,378,309),
array(378,379,360),
array(379,380,308),
array(380,381,346),
array(381,382,451),
array(382,383,78),
array(383,384,17),
array(384,385,498),
array(385,386,332),
array(386,387,161),
array(387,388,143),
array(388,389,103),
array(389,390,496),
array(390,391,220),
array(391,392,107),
array(392,393,144),
array(393,394,241),
array(394,395,114),
array(395,396,83),
array(396,397,356),
array(397,398,114),
array(398,399,452),
array(399,400,490),
array(400,401,223),
array(401,402,412),
array(402,403,94),
array(403,404,3),
array(404,405,480),
array(405,406,182),
array(406,407,150),
array(407,408,42),
array(408,409,110),
array(409,410,220),
array(410,411,477),
array(411,412,279),
array(412,413,350),
array(413,414,74),
array(414,415,187),
array(415,416,136),
array(416,417,182),
array(417,418,40),
array(418,419,137),
array(419,420,285),
array(420,421,341),
array(421,422,165),
array(422,423,438),
array(423,424,148),
array(424,425,311),
array(425,426,246),
array(426,427,450),
array(427,428,397),
array(428,429,328),
array(429,430,331),
array(430,431,280),
array(431,432,453),
array(432,433,375),
array(433,434,215),
array(434,435,289),
array(435,436,489),
array(436,437,186),
array(437,438,445),
array(438,439,87),
array(439,440,426),
array(440,441,247),
array(441,442,319),
array(442,443,31),
array(443,444,436),
array(444,445,290),
array(445,446,384),
array(446,447,233),
array(447,448,442),
array(448,449,302),
array(449,450,436),
array(450,451,51),
array(451,452,114),
array(452,453,16),
array(453,454,22),
array(454,455,94),
array(455,456,376),
array(456,457,416),
array(457,458,439),
array(458,459,223),
array(459,460,398),
array(460,461,238),
array(461,462,234),
array(462,463,45),
array(463,464,103),
array(464,465,464),
array(465,466,204),
array(466,467,422),
array(467,468,162),
array(468,469,330),
array(469,470,396),
array(470,471,461),
array(471,472,498),
array(472,473,320),
array(473,474,106),
array(474,475,23),
array(475,476,282),
array(476,477,169),
array(477,478,382),
array(478,479,217),
array(479,480,436),
array(480,481,360),
array(481,482,20),
array(482,483,402),
array(483,484,132),
array(484,485,129),
array(485,486,67),
array(486,487,187),
array(487,488,291),
array(488,489,459),
array(489,490,320),
array(490,491,433),
array(491,492,87),
array(492,493,85),
array(493,494,326),
array(494,495,248),
array(495,496,440),
array(496,497,491),
array(497,498,382),
array(498,499,491),
array(499,500,23),
array(500,501,412),
array(501,502,34),
array(502,503,273),
array(503,504,257),
array(504,505,332),
array(505,506,80),
array(506,507,452),
array(507,508,314),
array(508,509,485),
array(509,510,67),
array(510,511,138),
array(511,512,117),
array(512,513,356),
array(513,514,291),
array(514,515,190),
array(515,516,336),
array(516,517,179),
array(517,518,299),
array(518,519,218),
array(519,520,394),
array(520,521,439),
array(521,522,388),
array(522,523,81),
array(523,524,463),
array(524,525,369),
array(525,526,105),
array(526,527,388),
array(527,528,465),
array(528,529,455),
array(529,530,246),
array(530,531,499),
array(531,532,71),
array(532,533,431),
array(533,534,360),
array(534,535,23),
array(535,536,204),
array(536,537,280),
array(537,538,242),
array(538,539,319),
array(539,540,34),
array(540,541,238),
array(541,542,439),
array(542,543,497),
array(543,544,485),
array(544,545,289),
array(545,546,249),
array(546,547,417),
array(547,548,228),
array(548,549,167),
array(549,550,218),
array(550,551,186),
array(551,552,185),
array(552,553,356),
array(553,554,143),
array(554,555,166),
array(555,556,27),
array(556,557,92),
array(557,558,71),
array(558,559,466),
array(559,560,178),
array(560,561,357),
array(561,562,299),
array(562,563,444),
array(563,564,307),
array(564,565,387),
array(565,566,373),
array(566,567,210),
array(567,568,338),
array(568,569,167),
array(569,570,91),
array(570,571,123),
array(571,572,442),
array(572,573,429),
array(573,574,499),
array(574,575,294),
array(575,576,42),
array(576,577,160),
array(577,578,395),
array(578,579,80),
array(579,580,308),
array(580,581,92),
array(581,582,325),
array(582,583,92),
array(583,584,163),
array(584,585,211),
array(585,586,86),
array(586,587,189),
array(587,588,279),
array(588,589,251),
array(589,590,225),
array(590,591,481),
array(591,592,77),
array(592,593,196),
array(593,594,38),
array(594,595,326),
array(595,596,230),
array(596,597,281),
array(597,598,74),
array(598,599,334),
array(599,600,160),
array(600,601,490),
array(601,602,128),
array(602,603,365),
array(603,604,37),
array(604,605,58),
array(605,606,247),
array(606,607,27),
array(607,608,285),
array(608,609,468),
array(609,610,228),
array(610,611,181),
array(611,612,75),
array(612,613,455),
array(613,614,119),
array(614,615,435),
array(615,616,329),
array(616,617,4),
array(617,618,216),
array(618,619,150),
array(619,620,218),
array(620,621,348),
array(621,622,66),
array(622,623,433),
array(623,624,165),
array(624,625,473),
array(625,626,466),
array(626,627,146),
array(627,628,341),
array(628,629,113),
array(629,630,462),
array(630,631,396),
array(631,632,169),
array(632,633,251),
array(633,634,352),
array(634,635,44),
array(635,636,320),
array(636,637,124),
array(637,638,182),
array(638,639,199),
array(639,640,216),
array(640,641,213),
array(641,642,249),
array(642,643,220),
array(643,644,29),
array(644,645,255),
array(645,646,101),
array(646,647,216),
array(647,648,182),
array(648,649,234),
array(649,650,34),
array(650,651,48),
array(651,652,344),
array(652,653,383),
array(653,654,95),
array(654,655,324),
array(655,656,440),
array(656,657,188),
array(657,658,80),
array(658,659,403),
array(659,660,140),
array(660,661,382),
array(661,662,38),
array(662,663,396),
array(663,664,366),
array(664,665,450),
array(665,666,263),
array(666,667,161),
array(667,668,290),
array(668,669,127),
array(669,670,304),
array(670,671,308),
array(671,672,335),
array(672,673,396),
array(673,674,458),
array(674,675,196),
array(675,676,172),
array(676,677,493),
array(677,678,271),
array(678,679,435),
array(679,680,222),
array(680,681,401),
array(681,682,39),
array(682,683,383),
array(683,684,158),
array(684,685,355),
array(685,686,311),
array(686,687,151),
array(687,688,402),
array(688,689,340),
array(689,690,383),
array(690,691,98),
array(691,692,125),
array(692,693,88),
array(693,694,301),
array(694,695,333),
array(695,696,250),
array(696,697,86),
array(697,698,362),
array(698,699,215),
array(699,700,448),
array(700,701,68),
array(701,702,115),
array(702,703,354),
array(703,704,141),
array(704,705,17),
array(705,706,354),
array(706,707,109),
array(707,708,1),
array(708,709,168),
array(709,710,128),
array(710,711,90),
array(711,712,450),
array(712,713,6),
array(713,714,232),
array(714,715,156),
array(715,716,160),
array(716,717,265),
array(717,718,215),
array(718,719,416),
array(719,720,52),
array(720,721,429),
array(721,722,372),
array(722,723,230),
array(723,724,299),
array(724,725,233),
array(725,726,251),
array(726,727,207),
array(727,728,322),
array(728,729,160),
array(729,730,149),
array(730,731,207),
array(731,732,293),
array(732,733,446),
array(733,734,112),
array(734,735,338),
array(735,736,135),
array(736,737,75),
array(737,738,437),
array(738,739,460),
array(739,740,18),
array(740,741,281),
array(741,742,172),
array(742,743,184),
array(743,744,366),
array(744,745,49),
array(745,746,113),
array(746,747,367),
array(747,748,349),
array(748,749,112),
array(749,750,306),
array(750,751,119),
array(751,752,389),
array(752,753,456),
array(753,754,50),
array(754,755,300),
array(755,756,160),
array(756,757,314),
array(757,758,390),
array(758,759,19),
array(759,760,81),
array(760,761,171),
array(761,762,123),
array(762,763,136),
array(763,764,326),
array(764,765,262),
array(765,766,297),
array(766,767,259),
array(767,768,316),
array(768,769,71),
array(769,770,208),
array(770,771,249),
array(771,772,223),
array(772,773,331),
array(773,774,404),
array(774,775,214),
array(775,776,469),
array(776,777,29),
array(777,778,181),
array(778,779,15),
array(779,780,225),
array(780,781,397),
array(781,782,85),
array(782,783,259),
array(783,784,414),
array(784,785,420),
array(785,786,414),
array(786,787,307),
array(787,788,208),
array(788,789,333),
array(789,790,215),
array(790,791,269),
array(791,792,28),
array(792,793,120),
array(793,794,285),
array(794,795,3),
array(795,796,46),
array(796,797,16),
array(797,798,170),
array(798,799,118),
array(799,800,185),
array(800,801,4),
array(801,802,167),
array(802,803,475),
array(803,804,115),
array(804,805,319),
array(805,806,323),
array(806,807,183),
array(807,808,259),
array(808,809,446),
array(809,810,436),
array(810,811,100),
array(811,812,289),
array(812,813,119),
array(813,814,51),
array(814,815,337),
array(815,816,127),
array(816,817,322),
array(817,818,467),
array(818,819,252),
array(819,820,444),
array(820,821,290),
array(821,822,228),
array(822,823,456),
array(823,824,162),
array(824,825,6),
array(825,826,134),
array(826,827,307),
array(827,828,454),
array(828,829,207),
array(829,830,230),
array(830,831,415),
array(831,832,241),
array(832,833,374),
array(833,834,313),
array(834,835,139),
array(835,836,195),
array(836,837,244),
array(837,838,430),
array(838,839,88),
array(839,840,237),
array(840,841,301),
array(841,842,379),
array(842,843,123),
array(843,844,41),
array(844,845,279),
array(845,846,205),
array(846,847,352),
array(847,848,27),
array(848,849,161),
array(849,850,206),
array(850,851,135),
array(851,852,367),
array(852,853,184),
array(853,854,429),
array(854,855,80),
array(855,856,484),
array(856,857,330),
array(857,858,171),
array(858,859,48),
array(859,860,49),
array(860,861,335),
array(861,862,477),
array(862,863,148),
array(863,864,484),
array(864,865,183),
array(865,866,146),
array(866,867,240),
array(867,868,462),
array(868,869,107),
array(869,870,225),
array(870,871,432),
array(871,872,403),
array(872,873,94),
array(873,874,9),
array(874,875,83),
array(875,876,480),
array(876,877,376),
array(877,878,46),
array(878,879,305),
array(879,880,114),
array(880,881,438),
array(881,882,134),
array(882,883,454),
array(883,884,478),
array(884,885,15),
array(885,886,317),
array(886,887,142),
array(887,888,493),
array(888,889,91),
array(889,890,395),
array(890,891,228),
array(891,892,332),
array(892,893,401),
array(893,894,412),
array(894,895,320),
array(895,896,416),
array(896,897,428),
array(897,898,167),
array(898,899,278),
array(899,900,416),
array(900,901,408),
array(901,902,207),
array(902,903,212),
array(903,904,256),
array(904,905,324),
array(905,906,327),
array(906,907,481),
array(907,908,106),
array(908,909,410),
array(909,910,75),
array(910,911,195),
array(911,912,389),
array(912,913,152),
array(913,914,248),
array(914,915,212),
array(915,916,276),
array(916,917,284),
array(917,918,393),
array(918,919,142),
array(919,920,190),
array(920,921,290),
array(921,922,306),
array(922,923,344),
array(923,924,302),
array(924,925,404),
array(925,926,35),
array(926,927,429),
array(927,928,34),
array(928,929,111),
array(929,930,376),
array(930,931,254),
array(931,932,58),
array(932,933,145),
array(933,934,376),
array(934,935,431),
array(935,936,296),
array(936,937,491),
array(937,938,332),
array(938,939,317),
array(939,940,420),
array(940,941,383),
array(941,942,292),
array(942,943,22),
array(943,944,351),
array(944,945,304),
array(945,946,51),
array(946,947,406),
array(947,948,262),
array(948,949,491),
array(949,950,156),
array(950,951,79),
array(951,952,74),
array(952,953,426),
array(953,954,405),
array(954,955,399),
array(955,956,460),
array(956,957,345),
array(957,958,345),
array(958,959,475),
array(959,960,340),
array(960,961,232),
array(961,962,272),
array(962,963,168),
array(963,964,388),
array(964,965,321),
array(965,966,233),
array(966,967,86),
array(967,968,24),
array(968,969,96),
array(969,970,25),
array(970,971,90),
array(971,972,421),
array(972,973,292),
array(973,974,195),
array(974,975,287),
array(975,976,1),
array(976,977,394),
array(977,978,40),
array(978,979,39),
array(979,980,435),
array(980,981,135),
array(981,982,107),
array(982,983,453),
array(983,984,146),
array(984,985,500),
array(985,986,192),
array(986,987,390),
array(987,988,305),
array(988,989,224),
array(989,990,343),
array(990,991,459),
array(991,992,334),
array(992,993,290),
array(993,994,355),
array(994,995,19),
array(995,996,405),
array(996,997,433),
array(997,998,278),
array(998,999,180),
array(999,1000,440),
