array(0,1,337),
array(1,2,451),
array(2,3,84),
array(3,4,121),
array(4,5,296),
array(5,6,58),
array(6,7,166),
array(7,8,337),
array(8,9,497),
array(9,10,457),
array(10,11,75),
array(11,12,212),
array(12,13,48),
array(13,14,70),
array(14,15,296),
array(15,16,43),
array(16,17,309),
array(17,18,68),
array(18,19,62),
array(19,20,377),
array(20,21,389),
array(21,22,375),
array(22,23,359),
array(23,24,11),
array(24,25,149),
array(25,26,161),
array(26,27,420),
array(27,28,492),
array(28,29,196),
array(29,30,348),
array(30,31,231),
array(31,32,116),
array(32,33,391),
array(33,34,108),
array(34,35,25),
array(35,36,431),
array(36,37,342),
array(37,38,364),
array(38,39,287),
array(39,40,233),
array(40,41,410),
array(41,42,286),
array(42,43,250),
array(43,44,69),
array(44,45,204),
array(45,46,298),
array(46,47,401),
array(47,48,236),
array(48,49,82),
array(49,50,70),
array(50,51,472),
array(51,52,281),
array(52,53,155),
array(53,54,25),
array(54,55,448),
array(55,56,1),
array(56,57,281),
array(57,58,334),
array(58,59,65),
array(59,60,443),
array(60,61,70),
array(61,62,420),
array(62,63,305),
array(63,64,403),
array(64,65,382),
array(65,66,453),
array(66,67,403),
array(67,68,429),
array(68,69,326),
array(69,70,357),
array(70,71,345),
array(71,72,316),
array(72,73,261),
array(73,74,303),
array(74,75,363),
array(75,76,113),
array(76,77,297),
array(77,78,213),
array(78,79,443),
array(79,80,117),
array(80,81,292),
array(81,82,259),
array(82,83,319),
array(83,84,373),
array(84,85,357),
array(85,86,362),
array(86,87,475),
array(87,88,178),
array(88,89,351),
array(89,90,195),
array(90,91,146),
array(91,92,81),
array(92,93,383),
array(93,94,179),
array(94,95,316),
array(95,96,377),
array(96,97,312),
array(97,98,486),
array(98,99,219),
array(99,100,114),
array(100,101,248),
array(101,102,39),
array(102,103,340),
array(103,104,87),
array(104,105,50),
array(105,106,8),
array(106,107,413),
array(107,108,345),
array(108,109,328),
array(109,110,316),
array(110,111,423),
array(111,112,184),
array(112,113,440),
array(113,114,135),
array(114,115,104),
array(115,116,151),
array(116,117,497),
array(117,118,387),
array(118,119,440),
array(119,120,43),
array(120,121,358),
array(121,122,243),
array(122,123,165),
array(123,124,407),
array(124,125,132),
array(125,126,126),
array(126,127,265),
array(127,128,39),
array(128,129,178),
array(129,130,206),
array(130,131,473),
array(131,132,486),
array(132,133,107),
array(133,134,407),
array(134,135,273),
array(135,136,46),
array(136,137,276),
array(137,138,400),
array(138,139,401),
array(139,140,265),
array(140,141,296),
array(141,142,107),
array(142,143,341),
array(143,144,440),
array(144,145,26),
array(145,146,199),
array(146,147,326),
array(147,148,118),
array(148,149,75),
array(149,150,99),
array(150,151,341),
array(151,152,95),
array(152,153,303),
array(153,154,479),
array(154,155,122),
array(155,156,420),
array(156,157,319),
array(157,158,260),
array(158,159,151),
array(159,160,388),
array(160,161,483),
array(161,162,114),
array(162,163,164),
array(163,164,46),
array(164,165,403),
array(165,166,463),
array(166,167,144),
array(167,168,192),
array(168,169,439),
array(169,170,480),
array(170,171,327),
array(171,172,372),
array(172,173,202),
array(173,174,85),
array(174,175,196),
array(175,176,383),
array(176,177,49),
array(177,178,451),
array(178,179,486),
array(179,180,272),
array(180,181,90),
array(181,182,499),
array(182,183,181),
array(183,184,335),
array(184,185,185),
array(185,186,402),
array(186,187,16),
array(187,188,121),
array(188,189,444),
array(189,190,82),
array(190,191,475),
array(191,192,424),
array(192,193,224),
array(193,194,209),
array(194,195,292),
array(195,196,294),
array(196,197,137),
array(197,198,207),
array(198,199,452),
array(199,200,25),
array(200,201,41),
array(201,202,247),
array(202,203,189),
array(203,204,166),
array(204,205,45),
array(205,206,250),
array(206,207,488),
array(207,208,13),
array(208,209,9),
array(209,210,390),
array(210,211,83),
array(211,212,113),
array(212,213,43),
array(213,214,87),
array(214,215,458),
array(215,216,262),
array(216,217,5),
array(217,218,13),
array(218,219,347),
array(219,220,9),
array(220,221,6),
array(221,222,91),
array(222,223,236),
array(223,224,149),
array(224,225,403),
array(225,226,492),
array(226,227,358),
array(227,228,229),
array(228,229,308),
array(229,230,138),
array(230,231,198),
array(231,232,46),
array(232,233,79),
array(233,234,201),
array(234,235,490),
array(235,236,148),
array(236,237,326),
array(237,238,103),
array(238,239,218),
array(239,240,331),
array(240,241,407),
array(241,242,16),
array(242,243,117),
array(243,244,142),
array(244,245,433),
array(245,246,362),
array(246,247,172),
array(247,248,377),
array(248,249,262),
array(249,250,311),
array(250,251,116),
array(251,252,84),
array(252,253,5),
array(253,254,288),
array(254,255,435),
array(255,256,60),
array(256,257,20),
array(257,258,462),
array(258,259,361),
array(259,260,351),
array(260,261,417),
array(261,262,257),
array(262,263,381),
array(263,264,255),
array(264,265,55),
array(265,266,343),
array(266,267,227),
array(267,268,318),
array(268,269,44),
array(269,270,144),
array(270,271,386),
array(271,272,336),
array(272,273,243),
array(273,274,330),
array(274,275,90),
array(275,276,358),
array(276,277,261),
array(277,278,324),
array(278,279,324),
array(279,280,179),
array(280,281,457),
array(281,282,297),
array(282,283,323),
array(283,284,348),
array(284,285,442),
array(285,286,172),
array(286,287,71),
array(287,288,159),
array(288,289,74),
array(289,290,120),
array(290,291,302),
array(291,292,161),
array(292,293,463),
array(293,294,63),
array(294,295,1),
array(295,296,151),
array(296,297,469),
array(297,298,173),
array(298,299,403),
array(299,300,174),
array(300,301,200),
array(301,302,372),
array(302,303,491),
array(303,304,29),
array(304,305,15),
array(305,306,332),
array(306,307,499),
array(307,308,262),
array(308,309,26),
array(309,310,474),
array(310,311,413),
array(311,312,169),
array(312,313,90),
array(313,314,471),
array(314,315,467),
array(315,316,298),
array(316,317,317),
array(317,318,244),
array(318,319,145),
array(319,320,446),
array(320,321,66),
array(321,322,465),
array(322,323,181),
array(323,324,159),
array(324,325,447),
array(325,326,57),
array(326,327,59),
array(327,328,234),
array(328,329,320),
array(329,330,190),
array(330,331,15),
array(331,332,219),
array(332,333,293),
array(333,334,287),
array(334,335,33),
array(335,336,410),
array(336,337,226),
array(337,338,21),
array(338,339,346),
array(339,340,353),
array(340,341,228),
array(341,342,311),
array(342,343,440),
array(343,344,346),
array(344,345,159),
array(345,346,331),
array(346,347,48),
array(347,348,436),
array(348,349,129),
array(349,350,3),
array(350,351,156),
array(351,352,420),
array(352,353,495),
array(353,354,498),
array(354,355,497),
array(355,356,344),
array(356,357,369),
array(357,358,238),
array(358,359,55),
array(359,360,5),
array(360,361,108),
array(361,362,395),
array(362,363,66),
array(363,364,451),
array(364,365,324),
array(365,366,391),
array(366,367,13),
array(367,368,477),
array(368,369,374),
array(369,370,397),
array(370,371,131),
array(371,372,132),
array(372,373,368),
array(373,374,336),
array(374,375,404),
array(375,376,211),
array(376,377,167),
array(377,378,380),
array(378,379,67),
array(379,380,262),
array(380,381,378),
array(381,382,450),
array(382,383,105),
array(383,384,82),
array(384,385,362),
array(385,386,218),
array(386,387,250),
array(387,388,217),
array(388,389,228),
array(389,390,106),
array(390,391,488),
array(391,392,464),
array(392,393,334),
array(393,394,287),
array(394,395,54),
array(395,396,370),
array(396,397,292),
array(397,398,181),
array(398,399,430),
array(399,400,233),
array(400,401,459),
array(401,402,461),
array(402,403,353),
array(403,404,98),
array(404,405,446),
array(405,406,49),
array(406,407,306),
array(407,408,263),
array(408,409,112),
array(409,410,116),
array(410,411,24),
array(411,412,275),
array(412,413,65),
array(413,414,84),
array(414,415,491),
array(415,416,431),
array(416,417,166),
array(417,418,126),
array(418,419,441),
array(419,420,277),
array(420,421,24),
array(421,422,163),
array(422,423,359),
array(423,424,110),
array(424,425,498),
array(425,426,366),
array(426,427,479),
array(427,428,477),
array(428,429,198),
array(429,430,159),
array(430,431,285),
array(431,432,176),
array(432,433,482),
array(433,434,212),
array(434,435,13),
array(435,436,252),
array(436,437,461),
array(437,438,448),
array(438,439,146),
array(439,440,3),
array(440,441,494),
array(441,442,39),
array(442,443,418),
array(443,444,476),
array(444,445,190),
array(445,446,406),
array(446,447,314),
array(447,448,467),
array(448,449,408),
array(449,450,221),
array(450,451,69),
array(451,452,24),
array(452,453,258),
array(453,454,406),
array(454,455,167),
array(455,456,443),
array(456,457,99),
array(457,458,133),
array(458,459,342),
array(459,460,272),
array(460,461,41),
array(461,462,325),
array(462,463,78),
array(463,464,306),
array(464,465,443),
array(465,466,151),
array(466,467,110),
array(467,468,93),
array(468,469,414),
array(469,470,36),
array(470,471,423),
array(471,472,430),
array(472,473,314),
array(473,474,150),
array(474,475,250),
array(475,476,364),
array(476,477,252),
array(477,478,415),
array(478,479,76),
array(479,480,192),
array(480,481,87),
array(481,482,4),
array(482,483,135),
array(483,484,459),
array(484,485,429),
array(485,486,337),
array(486,487,413),
array(487,488,464),
array(488,489,138),
array(489,490,88),
array(490,491,142),
array(491,492,254),
array(492,493,322),
array(493,494,178),
array(494,495,308),
array(495,496,124),
array(496,497,341),
array(497,498,278),
array(498,499,145),
array(499,500,122),
array(500,501,304),
array(501,502,311),
array(502,503,137),
array(503,504,45),
array(504,505,71),
array(505,506,448),
array(506,507,19),
array(507,508,440),
array(508,509,251),
array(509,510,112),
array(510,511,274),
array(511,512,103),
array(512,513,204),
array(513,514,474),
array(514,515,139),
array(515,516,82),
array(516,517,38),
array(517,518,456),
array(518,519,96),
array(519,520,173),
array(520,521,114),
array(521,522,230),
array(522,523,380),
array(523,524,423),
array(524,525,40),
array(525,526,218),
array(526,527,475),
array(527,528,129),
array(528,529,176),
array(529,530,92),
array(530,531,117),
array(531,532,338),
array(532,533,132),
array(533,534,273),
array(534,535,289),
array(535,536,347),
array(536,537,266),
array(537,538,434),
array(538,539,225),
array(539,540,203),
array(540,541,188),
array(541,542,496),
array(542,543,411),
array(543,544,202),
array(544,545,258),
array(545,546,132),
array(546,547,80),
array(547,548,392),
array(548,549,85),
array(549,550,262),
array(550,551,216),
array(551,552,69),
array(552,553,27),
array(553,554,60),
array(554,555,55),
array(555,556,280),
array(556,557,196),
array(557,558,446),
array(558,559,80),
array(559,560,322),
array(560,561,449),
array(561,562,93),
array(562,563,27),
array(563,564,242),
array(564,565,397),
array(565,566,423),
array(566,567,378),
array(567,568,337),
array(568,569,398),
array(569,570,107),
array(570,571,369),
array(571,572,154),
array(572,573,63),
array(573,574,68),
array(574,575,484),
array(575,576,489),
array(576,577,250),
array(577,578,477),
array(578,579,458),
array(579,580,389),
array(580,581,68),
array(581,582,256),
array(582,583,274),
array(583,584,152),
array(584,585,378),
array(585,586,77),
array(586,587,168),
array(587,588,324),
array(588,589,289),
array(589,590,362),
array(590,591,123),
array(591,592,202),
array(592,593,160),
array(593,594,282),
array(594,595,374),
array(595,596,334),
array(596,597,99),
array(597,598,261),
array(598,599,405),
array(599,600,14),
array(600,601,468),
array(601,602,468),
array(602,603,451),
array(603,604,292),
array(604,605,375),
array(605,606,327),
array(606,607,496),
array(607,608,463),
array(608,609,179),
array(609,610,10),
array(610,611,274),
array(611,612,75),
array(612,613,490),
array(613,614,437),
array(614,615,270),
array(615,616,423),
array(616,617,167),
array(617,618,281),
array(618,619,218),
array(619,620,56),
array(620,621,320),
array(621,622,465),
array(622,623,103),
array(623,624,270),
array(624,625,307),
array(625,626,159),
array(626,627,158),
array(627,628,112),
array(628,629,240),
array(629,630,285),
array(630,631,369),
array(631,632,379),
array(632,633,475),
array(633,634,17),
array(634,635,470),
array(635,636,118),
array(636,637,124),
array(637,638,274),
array(638,639,444),
array(639,640,125),
array(640,641,46),
array(641,642,230),
array(642,643,27),
array(643,644,447),
array(644,645,349),
array(645,646,306),
array(646,647,203),
array(647,648,382),
array(648,649,393),
array(649,650,174),
array(650,651,206),
array(651,652,476),
array(652,653,288),
array(653,654,255),
array(654,655,20),
array(655,656,26),
array(656,657,393),
array(657,658,223),
array(658,659,381),
array(659,660,79),
array(660,661,317),
array(661,662,498),
array(662,663,271),
array(663,664,431),
array(664,665,420),
array(665,666,252),
array(666,667,426),
array(667,668,131),
array(668,669,311),
array(669,670,408),
array(670,671,331),
array(671,672,474),
array(672,673,350),
array(673,674,138),
array(674,675,218),
array(675,676,7),
array(676,677,145),
array(677,678,362),
array(678,679,74),
array(679,680,28),
array(680,681,57),
array(681,682,253),
array(682,683,131),
array(683,684,83),
array(684,685,194),
array(685,686,233),
array(686,687,375),
array(687,688,469),
array(688,689,416),
array(689,690,474),
array(690,691,40),
array(691,692,232),
array(692,693,332),
array(693,694,398),
array(694,695,111),
array(695,696,171),
array(696,697,302),
array(697,698,176),
array(698,699,320),
array(699,700,331),
array(700,701,436),
array(701,702,230),
array(702,703,154),
array(703,704,10),
array(704,705,91),
array(705,706,233),
array(706,707,347),
array(707,708,255),
array(708,709,379),
array(709,710,105),
array(710,711,382),
array(711,712,361),
array(712,713,158),
array(713,714,20),
array(714,715,494),
array(715,716,377),
array(716,717,37),
array(717,718,399),
array(718,719,168),
array(719,720,99),
array(720,721,376),
array(721,722,413),
array(722,723,137),
array(723,724,74),
array(724,725,285),
array(725,726,485),
array(726,727,387),
array(727,728,98),
array(728,729,122),
array(729,730,287),
array(730,731,152),
array(731,732,220),
array(732,733,498),
array(733,734,239),
array(734,735,416),
array(735,736,234),
array(736,737,271),
array(737,738,15),
array(738,739,413),
array(739,740,190),
array(740,741,50),
array(741,742,37),
array(742,743,127),
array(743,744,382),
array(744,745,196),
array(745,746,475),
array(746,747,294),
array(747,748,359),
array(748,749,318),
array(749,750,252),
array(750,751,398),
array(751,752,417),
array(752,753,274),
array(753,754,40),
array(754,755,172),
array(755,756,103),
array(756,757,175),
array(757,758,260),
array(758,759,102),
array(759,760,213),
array(760,761,380),
array(761,762,85),
array(762,763,421),
array(763,764,295),
array(764,765,497),
array(765,766,436),
array(766,767,114),
array(767,768,146),
array(768,769,387),
array(769,770,486),
array(770,771,416),
array(771,772,312),
array(772,773,159),
array(773,774,155),
array(774,775,310),
array(775,776,91),
array(776,777,172),
array(777,778,117),
array(778,779,32),
array(779,780,28),
array(780,781,36),
array(781,782,292),
array(782,783,65),
array(783,784,422),
array(784,785,110),
array(785,786,354),
array(786,787,144),
array(787,788,319),
array(788,789,3),
array(789,790,222),
array(790,791,254),
array(791,792,15),
array(792,793,74),
array(793,794,71),
array(794,795,128),
array(795,796,59),
array(796,797,434),
array(797,798,320),
array(798,799,251),
array(799,800,245),
array(800,801,442),
array(801,802,143),
array(802,803,357),
array(803,804,122),
array(804,805,206),
array(805,806,461),
array(806,807,431),
array(807,808,487),
array(808,809,86),
array(809,810,446),
array(810,811,207),
array(811,812,385),
array(812,813,192),
array(813,814,20),
array(814,815,170),
array(815,816,115),
array(816,817,383),
array(817,818,355),
array(818,819,54),
array(819,820,223),
array(820,821,268),
array(821,822,372),
array(822,823,343),
array(823,824,5),
array(824,825,207),
array(825,826,244),
array(826,827,272),
array(827,828,9),
array(828,829,309),
array(829,830,392),
array(830,831,324),
array(831,832,32),
array(832,833,433),
array(833,834,489),
array(834,835,235),
array(835,836,120),
array(836,837,190),
array(837,838,455),
array(838,839,489),
array(839,840,70),
array(840,841,437),
array(841,842,464),
array(842,843,320),
array(843,844,430),
array(844,845,285),
array(845,846,436),
array(846,847,213),
array(847,848,495),
array(848,849,93),
array(849,850,44),
array(850,851,401),
array(851,852,314),
array(852,853,471),
array(853,854,210),
array(854,855,370),
array(855,856,182),
array(856,857,277),
array(857,858,105),
array(858,859,353),
array(859,860,147),
array(860,861,121),
array(861,862,152),
array(862,863,335),
array(863,864,6),
array(864,865,362),
array(865,866,21),
array(866,867,51),
array(867,868,305),
array(868,869,111),
array(869,870,136),
array(870,871,485),
array(871,872,341),
array(872,873,226),
array(873,874,168),
array(874,875,370),
array(875,876,162),
array(876,877,316),
array(877,878,39),
array(878,879,193),
array(879,880,63),
array(880,881,241),
array(881,882,420),
array(882,883,186),
array(883,884,93),
array(884,885,111),
array(885,886,235),
array(886,887,334),
array(887,888,47),
array(888,889,284),
array(889,890,153),
array(890,891,372),
array(891,892,473),
array(892,893,370),
array(893,894,98),
array(894,895,284),
array(895,896,168),
array(896,897,229),
array(897,898,242),
array(898,899,305),
array(899,900,178),
array(900,901,470),
array(901,902,5),
array(902,903,418),
array(903,904,300),
array(904,905,452),
array(905,906,60),
array(906,907,358),
array(907,908,81),
array(908,909,284),
array(909,910,329),
array(910,911,110),
array(911,912,319),
array(912,913,327),
array(913,914,484),
array(914,915,408),
array(915,916,59),
array(916,917,188),
array(917,918,447),
array(918,919,236),
array(919,920,99),
array(920,921,229),
array(921,922,389),
array(922,923,329),
array(923,924,486),
array(924,925,57),
array(925,926,233),
array(926,927,170),
array(927,928,17),
array(928,929,33),
array(929,930,149),
array(930,931,496),
array(931,932,238),
array(932,933,266),
array(933,934,61),
array(934,935,288),
array(935,936,446),
array(936,937,115),
array(937,938,140),
array(938,939,284),
array(939,940,188),
array(940,941,190),
array(941,942,308),
array(942,943,465),
array(943,944,262),
array(944,945,349),
array(945,946,236),
array(946,947,68),
array(947,948,213),
array(948,949,203),
array(949,950,347),
array(950,951,75),
array(951,952,339),
array(952,953,111),
array(953,954,312),
array(954,955,223),
array(955,956,187),
array(956,957,182),
array(957,958,54),
array(958,959,494),
array(959,960,53),
array(960,961,275),
array(961,962,244),
array(962,963,124),
array(963,964,485),
array(964,965,500),
array(965,966,305),
array(966,967,97),
array(967,968,279),
array(968,969,216),
array(969,970,407),
array(970,971,146),
array(971,972,483),
array(972,973,33),
array(973,974,473),
array(974,975,258),
array(975,976,392),
array(976,977,310),
array(977,978,175),
array(978,979,165),
array(979,980,54),
array(980,981,156),
array(981,982,434),
array(982,983,352),
array(983,984,266),
array(984,985,431),
array(985,986,423),
array(986,987,54),
array(987,988,75),
array(988,989,244),
array(989,990,64),
array(990,991,255),
array(991,992,277),
array(992,993,454),
array(993,994,27),
array(994,995,190),
array(995,996,420),
array(996,997,171),
array(997,998,236),
array(998,999,342),
array(999,1000,300)
